0,-528.569255426718
0.001,5840.829
0.002,6965.100495313
0.003,7756.44268529515
0.004,8285.36109280711
0.005,8609.22417841484
0.006,8774.51230105483
0.007,8818.70727479352
0.008,8771.87636793084
0.009,8657.997062515
0.01,8496.06233029686
0.011,8301.00047609202
0.012,8084.43865183153
0.013,7855.33486397848
0.014,7620.49960208547
0.015,7385.02503409337
0.016,7152.63697938177
0.017,6925.98252567506
0.018,6706.86414940885
0.019,6496.4294858255
0.02,6295.32443510223
0.021,6103.81604932863
0.022,5921.89059163894
0.023,5749.33126667058
0.024,5585.77936763553
0.025,5430.78194959137
0.026,5283.82860362275
0.027,5144.37945759968
0.028,5011.88615305619
0.029,4885.80723342976
0.03,4765.61911690166
0.031,4650.82360923172
0.032,4540.95273133106
0.033,4435.57148693167
0.034,4334.27907254894
0.035,4236.70893071023
0.036,4142.5279645143
0.037,4051.43516392685
0.038,3963.15983922264
0.039,3877.45961247788
0.04,3794.11828217306
0.041,3712.94364725315
0.042,3633.76535413222
0.043,3556.43281205479
0.044,3480.8132080507
0.045,3406.78964170699
0.046,3334.25939152185
0.047,3263.13231819904
0.048,3193.32940547442
0.049,3124.78143560087
0.05,3057.42779417771
0.051,2991.21539737219
0.052,2926.0977335602
0.053,2862.03401086725
0.054,2798.98840189843
0.055,2736.92937701725
0.056,2675.82911779096
0.057,2615.66300260877
0.058,2556.40915695199
0.059,2498.04806131819
0.06,2440.56221034805
0.061,2383.93581725413
0.062,2328.15455819105
0.063,2273.20535172623
0.064,2219.07616906329
0.065,2165.75587113049
0.066,2113.23406907446
0.067,2061.50100509091
0.068,2010.54745088231
0.069,103.529148729237
0.07,45.2014980598392
0.071,1346.01435839727
0.072,1832.43900267764
0.073,1788.83911316423
0.074,1744.93251464716
0.075,1700.92957686225
0.076,1657.00047198081
0.077,1613.28202406494
0.078,1569.88346866557
0.079,1526.89128516621
0.08,1484.37324185034
0.081,1442.38177393
0.082,1400.95679759593
0.083,1360.12804823942
0.084,1319.91701808573
0.085,1280.33855732609
0.086,1241.4021932224
0.087,1203.113213392
0.088,1165.47355238527
0.089,1128.48251459418
0.09,1092.13736133858
0.091,1056.43378555032
0.092,1021.36629370831
0.093,986.928511478697
0.094,953.113426803269
0.095,919.913581886716
0.096,887.321223598808
0.097,855.328420178444
0.098,823.927150757857
0.099,793.109373077915
0.1,762.867073805867
0.101,733.192305066263
0.102,704.07721012954
0.103,675.514040649678
0.104,647.495167384568
0.105,620.013085954908
0.106,593.060418886524
0.107,566.629914926111
0.108,540.714446412034
0.109,515.307005312247
0.11,490.400698403953
0.111,465.988741958703
0.112,442.06445620764
0.113,418.621259790555
0.114,395.652664336146
0.115,373.15226927653
0.116,351.113756964592
0.117,329.530888136052
0.118,308.397497737915
0.119,287.707491129712
0.12,267.454840652848
0.121,247.633582555379
0.122,228.237814254139
0.123,209.261691912597
0.124,190.699428310868
0.125,172.545290983374
0.126,154.79360059965
0.127,137.438729564344
0.128,120.475100813439
0.129,103.897186785037
0.13,87.6995085444623
0.131,71.8766350450151
0.132,56.4231825072591
0.133,41.3338139013018
0.134,26.6032385180234
0.135,12.2262116166538
0.136,-1.802465862563
0.137,-15.4879475306132
0.138,-28.835341735712
0.139,-41.8497117108526
0.14,-2.8832837993382
0.141,-59.3527535420075
0.142,-595.200357063309
0.143,-72.6160263771676
0.144,-80.4481346109988
0.145,-89.0172836219684
0.146,-98.1099767602251
0.147,-107.553093288792
0.148,-117.207000214077
0.149,-126.959760497653
0.15,-136.722274052671
0.151,-146.424210694335
0.152,-156.010614076393
0.153,-165.439072929323
0.154,-174.677370917725
0.155,-183.701539424106
0.156,-192.49424878743
0.157,-201.043483196232
0.158,-209.341452753394
0.159,-217.38370336705
0.16,-225.168391233747
0.161,-232.695693902518
0.162,-239.967334361833
0.163,-246.986198381035
0.164,-253.756028555975
0.165,-260.281181235669
0.166,-266.566434812995
0.167,-272.616839808524
0.168,-278.437602815256
0.169,-284.033997748754
0.17,-289.411299001319
0.171,-294.574732064005
0.172,-299.529437985568
0.173,-304.280448707585
0.174,-308.832670871225
0.175,-313.190876151573
0.176,-317.359696555436
0.177,-321.343623431168
0.178,-325.147009195511
0.179,-328.774070991886
0.18,-332.228895665162
0.181,-335.515445576103
0.182,-338.637564890242
0.183,-341.598986065411
0.184,-344.40333633356
0.185,-347.054144029129
0.186,-349.554844660734
0.187,-351.908786657643
0.188,-354.119236749312
0.189,-356.189384956593
0.19,-358.122349188532
0.191,-359.921179449843
0.192,-361.588861672137
0.193,-363.128321187453
0.194,-364.542425866126
0.195,-365.833988943049
0.196,-367.005771557268
0.197,-368.060485029843
0.198,-369.000792904382
0.199,-369.829312773612
0.2,-370.54861791405
0.201,-371.161238749429
0.202,-371.669664161899
0.203,-372.076342668478
0.204,-372.383683478665
0.205,-372.594057447569
0.206,-372.709797937486
0.207,-372.7332015995
0.208,-372.666529085389
0.209,-372.512005698989
0.21,-372.27182199508
0.211,-19.6627776019476
0.212,-75.4572641294722
0.213,-887.314427528926
0.214,-352.436494120018
0.215,-348.20817093003
0.216,-344.94725758032
0.217,-342.437468829759
0.218,-340.50290885144
0.219,-339.00118339998
0.22,-337.817608348456
0.221,-336.860350998542
0.222,-336.056363333499
0.223,-335.347986246185
0.224,-334.690121057972
0.225,-334.047879646281
0.226,-333.39463748813
0.227,-332.710425148257
0.228,-331.980603411806
0.229,-331.194775578892
0.23,-330.345897575658
0.231,-329.429552648177
0.232,-328.443362628002
0.233,-327.386512211537
0.234,-326.259366485002
0.235,-325.063165144875
0.236,-323.799779590814
0.237,-322.471521374246
0.238,-321.080992431887
0.239,-319.630969172117
0.24,-318.124313858882
0.241,-316.563907891913
0.242,-314.952602547234
0.243,-313.293183547196
0.244,-311.588346499432
0.245,-309.840680800373
0.246,-308.052660059372
0.247,-306.226637479502
0.248,-304.364844943741
0.249,-302.46939481165
0.25,-300.542283641143
0.251,-298.585397220512
0.252,-296.600516434041
0.253,-294.589323596103
0.254,-292.553408978091
0.255,-290.494277323963
0.256,-288.413354206784
0.257,-286.311992123157
0.258,-284.191476257161
0.259,-282.05302987216
0.26,-279.897819309255
0.261,-277.726958586385
0.262,-275.541513603311
0.263,-273.342505965663
0.264,-271.130916446708
0.265,-268.907688109017
0.266,-266.673729110167
0.267,-264.429915217542
0.268,-262.177092057293
0.269,-259.916077121936
0.27,-257.647661560081
0.271,-255.372611770469
0.272,-253.091670821044
0.273,-250.805559712202
0.274,-248.514978501799
0.275,-246.220607307903
0.276,-243.923107203757
0.277,-241.623121017983
0.278,-239.321274051682
0.279,-237.018174722817
0.28,-234.714415147109
0.281,-232.410571663612
0.282,-12.1645787109546
0.283,-67.8587688102697
0.284,-741.75979712933
0.285,-205.144744151935
0.286,-199.257088555781
0.287,-194.413127892473
0.288,-190.395093237672
0.289,-187.025623374712
0.29,-184.160876866703
0.291,-181.684740496204
0.292,-179.503970476154
0.293,-177.544125601738
0.294,-175.746171375463
0.295,-174.063651421372
0.296,-172.460337506195
0.297,-170.908282474891
0.298,-169.3862116292
0.299,-167.878197749283
0.3,-166.372573275792
0.301,-164.861040307082
0.302,-163.337945177949
0.303,-161.799689608779
0.304,-160.244254867326
0.305,-158.670819174947
0.306,-157.079451807254
0.307,-155.470870066207
0.308,-153.846247606925
0.309,-152.207064548505
0.31,-150.554991436836
0.311,-148.891800504131
0.312,-147.21929882402
0.313,-145.539278926203
0.314,-143.853483239985
0.315,-142.163579406102
0.316,-140.471144052531
0.317,-138.777653090394
0.318,-137.084476966043
0.319,-135.392879618086
0.32,-133.704020144517
0.321,-132.018956394573
0.322,-130.338649870525
0.323,-128.663971462785
0.324,-126.995707653247
0.325,-125.33456691126
0.326,-123.68118607805
0.327,-122.036136592004
0.328,-120.399930451742
0.329,-118.773025848639
0.33,-117.155832427182
0.331,-115.548716151971
0.332,-113.952003775412
0.333,-112.365986911339
0.334,-110.790925727809
0.335,-109.227052277736
0.336,-107.674573489567
0.337,-106.133673842189
0.338,-104.604517749125
0.339,-103.087251677132
0.34,-101.582006023685
0.341,-100.088896776891
0.342,-98.6080269800022
0.343,-97.1394880213
0.344,-95.6833607685173
0.345,-94.2397165653858
0.346,-92.8086181063278
0.347,-91.3901202037825
0.348,-89.9842704612078
0.349,-88.5911098634357
0.35,-87.2106732947929
0.351,-85.8429899942317
0.352,-84.4880839556486
0.353,-4.39570306170973
0.354,-60.1413316237052
0.355,-596.755920682056
0.356,-61.1359326557568
0.357,-56.2535950832223
0.358,-52.424713761234
0.359,-49.4310376812903
0.36,-47.0947330926719
0.361,-45.2714954546437
0.362,-43.8447577569045
0.363,-42.7208316119564
0.364,-41.824840289115
0.365,-41.097322722416
0.366,-40.4914048083867
0.367,-39.9704493114672
0.368,-39.5061086845571
0.369,-39.0767163333239
0.37,-38.6659615243361
0.371,-38.2618014544022
0.372,-37.8555711358112
0.373,-37.4412578638819
0.374,-37.0149122557046
0.375,-36.5741723023065
0.376,-36.1178806660769
0.377,-35.6457786734029
0.378,-35.1582631795773
0.379,-34.6561947892256
0.38,-34.140747861574
0.381,-33.613294368537
0.382,-33.0753150503628
0.383,-32.5283324676663
0.384,-31.9738615138816
0.385,-31.4133737574249
0.386,-30.8482726530112
0.387,-30.2798772178072
0.388,-29.7094122285268
0.389,-29.1380033755738
0.39,-28.5666761229911
0.391,-27.9963572793644
0.392,-27.4278784943352
0.393,-26.8619810659041
0.394,-26.2993215819245
0.395,-25.7404780306994
0.396,-25.1859561050824
0.397,-24.6361954958999
0.398,-24.0915760271056
0.399,-23.5524235296042
0.4,-23.0190153853853
0.401,-22.4915857003779
0.402,-21.9703300848152
0.403,-21.455410035162
0.404,-20.9469569228511
0.405,-20.4450756030521
0.406,-19.949847662159
0.407,-19.4613343261811
0.408,-18.9795790542322
0.409,-18.5046098421808
0.41,-18.036441261553
0.411,-17.5750762582001
0.412,-17.1205077342348
0.413,-16.6727199354421
0.414,-16.2316896649056
0.415,-15.7973873420246
0.416,-15.3697779245083
0.417,-14.94882170936
0.418,-14.5344750273379
0.419,-14.126690843933
0.42,-13.7254192785371
0.421,-13.3306080522099
0.422,-12.9422028732864
0.423,-12.5601477689983
0.424,-0.644429639139682
0.425,-56.440794971719
0.426,-527.707226547259
0.427,6.96635004011927
0.428,10.9090520821097
0.429,13.8051337617028
0.43,15.8729029612769
0.431,17.2902472617594
0.432,18.2015220518603
0.433,18.7233422682744
0.434,18.9494413631821
0.435,18.954738329335
0.436,18.7987337504722
0.437,18.5283385611072
0.438,18.1802241979027
0.439,17.7827698351642
0.44,17.3576711758205
0.441,16.9212655978324
0.442,16.4856201386565
0.443,16.0594216630689
0.444,15.6487024479518
0.445,15.257429195161
0.446,14.8879790302502
0.447,14.5415222552206
0.448,14.2183284053511
0.449,13.9180094330521
0.45,13.6397115355022
0.451,13.3822651967516
0.452,13.1443013763169
0.453,12.9243403995395
0.454,12.720858950877
0.455,12.5323396061077
0.456,12.3573065341575
0.457,12.1943503291162
0.458,12.0421443767624
0.459,11.8994546994993
0.46,11.7651448436011
0.461,11.6381770600171
0.462,11.5176107735895
0.463,11.4025991260397
0.464,11.2923842075435
0.465,11.1862914535033
0.466,11.083723571611
0.467,10.9841542748035
0.468,10.8871220243027
0.469,10.7922239303333
0.47,10.6991099135863
0.471,10.6074771957952
0.472,10.5170651610185
0.473,10.4276506088454
0.474,10.3390434054781
0.475,10.2510825274502
0.476,10.1636324847625
0.477,10.0765801047578
0.478,9.98983165455341
0.479,9.90331027784362
0.48,9.81695372101546
0.481,9.7307123234903
0.482,9.64454724778586
0.483,9.55842892580138
0.484,9.47233569912319
0.485,9.38625263261789
0.486,9.30017048214201
0.487,9.21408479878779
0.488,9.12799515365867
0.489,9.04190446869137
0.49,8.9558184404921
0.491,8.86974504551749
0.492,8.78369411619775
0.493,8.69767697876621
0.494,8.6117061446263
0.495,0.450381660509952
0.496,-55.3700558538195
0.497,-507.901513763583
0.498,26.3291786447422
0.499,29.8351689137156
0.5,0
